777 757
366 505
418 301
689 272
191 693
736 360
434 811
175 349
506 347
718 410
752 743
327 548
433 112
643 215
163 661
590 567
473 832
143 405
458 411
750 344
700 786
341 562
418 140
600 193
197 679
574 595
428 811
107 431
467 378
746 347
726 728
754 343
637 542
593 529
474 820
593 528
695 764
722 343
461 437
787 412
464 385
154 660
340 546
110 424
168 347
643 194
584 528
351 549
757 776
744 800
417 290
411 300
119 422
453 373
409 300
694 789
347 553
417 301
430 819
622 218
639 195
139 408
634 192
620 204
167 683
463 844
433 818
410 855
139 630
262 375
359 550
628 546
695 803
743 355
636 572
409 303
483 420
406 304
764 822
748 816
348 557
147 369
433 813
617 190
368 120
347 537
103 442
147 603
454 814
630 191
339 544
613 205
806 420
366 507
163 398
425 798
464 427
190 679
617 199
397 473
191 682
706 810
628 575
560 250
427 789
761 351
435 802
319 554
133 412
580 582
127 629
137 634
143 380
417 159
486 402
414 294
417 288
566 564
134 393
772 352
594 523
147 605
449 389
461 358
150 660
720 383
697 799
459 439
805 433
397 485
752 794
317 581
359 135
611 193
243 653
559 574
442 892
117 367
480 374
758 363
689 760
318 560
357 157
634 187
246 660
576 561
497 819
114 363
503 378
741 368
715 808
313 566
416 185
606 192
237 669
534 596
452 814
120 340
441 375
752 366
702 759
752 359
572 567
539 589
410 866
548 577
725 758
791 356
479 375
761 361
418 385
252 671
327 569
121 425
151 431
618 214
572 573
316 570
752 822
690 792
357 175
360 159
127 363
471 360
353 112
696 799
335 568
375 103
416 842
635 184
625 185
109 327
603 184
627 196
234 684
461 807
418 843
416 868
249 686
740 377
320 545
566 576
727 808
734 410
533 592
414 188
419 385
359 168
691 779
704 808
325 567
165 314
409 853
618 190
356 153
316 540
111 332
618 186
312 566
623 197
735 414
333 558
127 402
466 825
453 345
248 667
606 186
327 548
245 668
742 817
549 572
596 193
492 798
746 363
440 906
330 559
128 343
554 577
248 687
242 673
111 335
350 110
444 380
348 112
354 176
548 576
556 569
241 676
463 366
464 359
246 661
714 413
719 802
453 347
728 402
487 400
760 738
390 448
388 143
687 275
137 636
665 521
436 887
114 409
555 358
223 477
725 827
334 513
388 140
668 232
139 650
571 553
442 877
142 356
502 421
232 469
763 757
413 434
378 149
709 238
120 643
667 537
408 865
145 448
502 417
795 400
765 737
784 355
661 528
677 499
460 862
690 487
795 740
738 432
509 360
791 381
514 362
141 681
411 461
141 352
155 438
669 226
656 529
379 432
759 776
764 771
359 140
368 161
128 434
568 369
392 146
764 764
317 541
380 137
428 911
665 263
665 215
142 447
671 241
671 242
130 655
435 862
437 862
451 857
116 650
231 478
393 460
602 584
763 752
232 471
661 531
390 150
542 362
366 146
753 760
767 749
337 506
164 405
461 833
668 230
373 157
335 509
158 401
137 652
431 896
653 220
380 444
667 265
227 475
377 468
119 351
462 864
491 383
139 695
664 267
360 455
140 620
713 827
685 526
710 240
436 877
232 474
436 857
425 467
111 345
641 551
143 717
141 663
158 401
384 150
523 366
366 147
379 131
681 504
142 426
262 559
539 570
123 654
555 335
516 362
153 661
266 565
757 802
500 419
227 477
630 230
743 834
334 587
427 119
658 212
239 690
633 518
490 789
191 475
562 382
804 421
738 817
365 565
441 102
692 293
86 676
611 527
499 785
191 479
479 386
797 362
726 805
348 568
404 106
735 270
230 678
614 527
502 797
189 482
568 401
797 362
692 756
706 408
635 514
617 531
507 787
637 505
739 832
704 407
542 381
761 401
548 380
219 665
341 570
192 494
192 462
685 297
618 521
364 565
748 811
734 803
439 100
419 112
191 477
578 376
425 109
778 789
467 22
446 103
481 895
681 301
693 300
186 488
684 300
697 297
224 686
500 800
495 787
501 800
228 680
760 406
342 565
648 524
722 757
704 406
617 532
430 101
548 388
395 115
778 774
746 823
364 558
191 494
455 795
693 295
383 96
368 555
191 467
202 676
504 815
698 293
342 553
680 287
751 397
354 567
216 481
514 798
532 366
224 689
685 285
359 567
226 673
729 840
632 531
703 300
494 802
703 406
487 458
344 571
186 484
614 532
207 674
220 678
193 482
390 115
549 365
396 104
422 294
575 583
192 468
756 399
614 520
204 676
484 383
488 389
241 689
813 439
749 769
540 374
755 400
550 382
734 757
481 14
471 121
638 333
89 651
697 556
458 787
168 313
436 336
684 398
802 781
467 16
454 154
632 322
93 637
703 536
471 884
164 355
448 330
784 452
735 746
468 8
455 152
624 324
93 684
693 532
464 878
126 434
454 327
686 383
733 754
496 393
644 533
701 528
447 780
699 531
788 799
799 437
436 330
679 391
450 324
97 660
465 10
138 398
162 365
640 326
692 534
473 0
746 781
773 833
441 144
442 148
163 334
453 317
442 135
748 750
462 9
442 148
436 777
645 332
632 298
128 441
629 336
637 329
110 662
447 769
453 785
475 887
92 641
784 444
475 2
681 535
693 817
756 428
707 539
457 132
449 318
391 138
768 784
733 751
468 2
154 349
447 769
645 332
369 115
476 4
159 360
84 651
435 778
629 330
465 0
628 326
679 391
481 10
132 361
458 787
448 325
93 663
638 323
424 430
88 661
736 740
703 524
636 323
453 790
679 391
444 778
491 14
149 365
680 538
83 689
113 662
139 326
446 151
431 327
400 146
441 147
700 559
163 363
770 394
702 537
83 648
437 333
445 321
87 654
784 437
738 760
448 321
804 368
438 330
712 745
399 440
370 182
672 220
232 666
677 583
428 860
151 362
532 358
269 561
785 721
416 456
366 186
680 213
234 668
574 598
428 866
126 440
515 393
270 573
710 748
418 460
384 178
662 233
208 668
571 596
428 870
111 462
531 359
272 566
763 748
272 576
669 596
588 602
413 869
571 603
737 814
289 562
518 382
272 571
520 379
223 658
399 412
107 459
106 460
674 185
573 586
399 413
717 771
782 741
406 196
389 192
118 435
510 397
408 202
688 784
364 439
409 201
415 857
678 206
672 217
121 441
684 204
661 225
219 653
427 889
450 859
414 890
231 673
275 569
428 450
660 591
712 768
281 574
662 592
399 195
557 366
360 184
709 757
761 753
363 437
113 439
432 872
675 212
347 142
437 457
110 460
229 669
441 834
685 201
434 462
665 279
281 570
423 447
114 442
430 893
504 385
86 657
665 279
431 450
112 594
721 786
660 567
660 237
447 831
266 575
447 832
398 437
112 442
568 585
83 689
115 598
107 446
379 186
493 417
380 189
375 181
561 596
154 367
267 568
535 601
88 695
544 367
483 429
114 597
272 562
718 770
528 359
277 558
504 401
804 757
364 461
365 135
658 275
109 704
581 557
531 809
157 409
497 279
769 376
783 823
352 451
375 128
670 257
119 690
536 575
537 809
137 361
366 548
799 447
793 746
367 444
351 138
682 251
100 689
542 580
509 804
131 369
494 409
806 366
761 768
798 441
573 541
558 588
454 921
578 556
757 763
650 336
571 358
790 435
588 391
148 694
418 423
125 329
154 414
653 252
571 559
408 442
705 827
752 736
361 164
346 115
115 328
589 392
352 143
718 736
455 20
383 98
474 804
649 255
647 254
127 374
653 203
648 206
115 679
488 798
454 922
532 810
107 691
808 369
384 419
571 542
705 776
739 402
566 549
346 132
536 397
349 119
691 771
778 780
415 465
122 376
467 911
647 229
426 186
393 445
118 405
167 708
518 808
674 267
388 458
680 257
801 438
388 464
119 331
462 898
496 280
103 700
682 265
374 452
143 727
775 757
579 548
636 223
474 816
792 359
416 875
381 422
121 364
551 582
103 690
156 690
125 374
347 127
582 407
440 199
377 174
592 547
165 321
810 434
541 576
109 703
583 405
484 341
148 720
812 436
737 772
581 409
808 405
498 279
458 17
399 138
723 256
176 693
676 536
397 883
179 429
534 348
778 370
793 794
457 20
361 99
704 268
177 696
704 512
410 878
187 415
545 347
773 383
789 793
454 15
407 130
706 283
184 657
715 501
423 891
176 433
539 344
776 377
757 788
798 397
703 501
689 520
455 878
711 502
790 783
790 374
538 352
782 386
552 376
164 640
491 18
182 410
167 446
704 278
712 492
476 22
412 123
185 414
549 346
456 116
780 784
471 21
431 123
397 883
696 260
705 266
186 427
731 258
726 276
183 649
458 880
450 882
425 881
184 657
780 367
486 17
691 517
792 787
778 371
699 508
456 122
539 370
453 118
804 758
777 808
476 20
151 407
429 886
736 259
400 118
459 17
158 736
464 845
721 253
474 18
734 267
790 372
484 19
185 427
473 873
574 371
183 649
691 257
485 21
190 702
786 778
668 533
725 276
435 891
774 385
446 900
468 20
178 435
706 501
178 689
169 636
177 408
433 129
539 342
460 116
404 99
708 501
175 422
799 393
687 509
169 623
151 628
692 376
800 791
566 363
770 386
537 356
780 762
408 417
377 122
715 235
164 627
600 568
425 896
178 387
510 414
723 318
747 805
387 432
421 153
719 234
168 628
608 552
448 911
176 407
450 402
704 363
795 813
375 463
457 130
707 222
161 634
658 536
456 872
183 388
504 329
707 372
780 799
727 432
609 569
601 577
470 829
608 569
738 798
703 365
517 328
730 433
472 367
174 633
401 427
190 395
172 398
674 194
642 547
387 467
807 815
806 815
188 389
450 402
468 133
781 832
429 459
454 125
451 800
704 212
669 197
200 386
695 214
704 212
153 628
429 850
478 851
457 852
132 612
706 363
371 465
654 549
770 788
513 430
588 602
445 104
511 329
483 131
782 834
774 832
404 469
182 366
441 826
713 229
422 121
371 460
201 386
159 629
430 852
715 228
393 422
130 457
700 367
379 446
179 401
474 864
510 331
148 621
717 225
394 478
146 641
783 767
627 579
709 208
424 807
727 374
447 886
393 468
176 358
668 576
160 673
158 629
181 372
406 103
511 423
422 152
468 120
597 569
189 385
732 385
647 586
149 650
518 322
493 360
147 619
700 359
786 804
496 327
721 380
502 329
756 788
357 546
367 130
696 221
145 658
660 575
428 903
164 339
547 338
713 418
780 750
354 551
406 139
663 201
172 704
662 567
444 787
125 400
472 428
773 351
773 745
394 510
389 177
722 215
103 662
539 580
469 853
126 444
469 420
714 416
781 725
761 427
650 554
593 546
460 854
583 558
733 711
764 436
506 438
759 426
456 424
176 698
385 435
153 333
167 347
563 240
660 588
384 521
729 720
733 712
407 166
381 179
149 358
494 438
363 143
777 724
362 475
394 153
508 813
722 213
626 228
170 337
600 202
662 193
150 717
478 854
462 800
459 800
155 667
741 373
401 467
567 598
787 727
734 424
652 565
394 159
505 435
426 183
784 722
779 726
368 459
156 333
482 863
609 211
383 159
388 517
143 326
159 681
484 856
626 208
395 464
693 226
757 430
397 465
141 359
484 854
457 406
153 677
648 230
420 480
140 697
699 823
534 572
608 210
465 793
740 422
491 851
405 507
168 333
547 571
149 704
145 671
122 431
347 140
489 283
370 148
392 161
535 603
106 405
737 420
568 578
163 686
464 424
464 401
124 630
799 405
788 720
460 393
737 434
460 398
796 812
342 598
474 137
685 229
153 728
681 517
498 837
149 326
486 406
765 383
731 779
386 517
472 112
667 196
153 732
670 547
494 840
151 417
483 420
767 418
735 787
310 570
476 131
708 284
153 733
650 581
503 852
156 384
471 414
765 426
764 834
775 420
645 569
641 574
498 849
634 539
683 775
754 390
463 389
753 435
480 400
154 725
368 476
154 421
159 376
697 231
646 571
364 468
720 783
718 782
485 131
489 126
155 384
482 411
490 115
722 732
343 576
483 127
501 809
634 219
675 206
162 327
694 205
694 211
157 726
506 807
510 811
496 811
142 708
786 355
369 454
658 577
752 752
762 417
454 760
441 114
502 381
495 117
779 759
727 789
357 551
161 343
489 831
695 234
450 127
350 456
123 328
139 707
502 851
618 226
358 463
694 247
802 382
371 470
142 414
489 840
455 399
158 728
683 210
385 474
151 671
730 784
625 585
696 226
514 829
775 433
517 814
382 480
130 347
617 562
165 698
164 696
133 424
479 124
460 385
459 122
467 127
661 581
158 371
772 434
627 546
164 692
478 404
482 422
141 707
779 445
682 775
463 410
786 789
340 593
384 103
683 278
89 648
685 537
449 905
164 438
570 368
782 399
757 810
332 593
377 92
695 284
99 681
679 512
447 908
160 444
569 364
805 410
801 776
336 578
389 100
677 273
99 668
691 487
434 902
166 438
569 359
782 398
767 808
777 407
681 513
681 512
470 889
676 515
764 805
800 409
557 382
788 410
563 380
125 679
320 585
163 424
170 425
684 247
697 518
319 589
767 797
768 799
411 92
395 104
155 450
594 394
398 91
766 833
329 597
394 88
440 911
693 284
700 255
156 436
699 281
699 241
96 678
438 894
411 885
450 875
108 673
783 390
328 597
673 508
754 833
787 404
651 574
393 97
581 379
398 92
762 834
770 794
323 598
157 425
453 907
691 264
354 104
340 596
162 417
108 682
454 902
669 245
335 578
686 245
799 410
325 591
162 426
459 892
580 383
97 667
701 249
319 592
102 669
769 808
697 519
684 262
458 894
784 394
469 858
332 599
173 440
713 507
106 678
98 640
158 441
409 98
583 390
444 123
395 88
675 522
169 439
774 413
671 542
100 677
576 395
572 394
118 682
815 414
777 777
581 393
811 414
569 395
711 781
367 485
419 141
631 212
137 644
550 590
505 836
172 310
390 507
278 566
711 788
407 478
489 108
654 184
133 639
554 596
488 820
265 546
708 774
413 478
450 100
618 224
112 636
595 570
440 803
168 314
456 447
264 545
672 781
267 548
552 540
529 579
492 815
551 594
740 782
240 487
425 360
551 538
445 345
124 656
355 470
142 345
140 316
567 250
530 589
377 479
678 787
756 723
499 117
411 127
141 308
476 413
495 115
711 795
409 482
370 176
497 829
569 250
561 250
138 318
221 362
573 250
112 632
461 818
468 815
492 828
265 373
261 557
379 472
548 586
680 790
770 357
625 572
490 109
448 354
781 824
373 478
143 333
498 830
614 219
363 129
357 478
121 320
264 373
478 820
632 206
355 473
613 238
234 480
365 468
146 317
479 840
440 349
124 660
632 216
355 466
136 648
696 778
593 579
634 208
471 812
761 348
476 795
353 468
140 374
564 558
134 644
103 634
128 341
373 100
480 135
557 599
132 315
619 244
593 579
266 372
126 649
550 541
749 754
439 367
237 482
442 363
754 813
427 437
406 116
653 279
197 704
685 559
415 825
157 355
486 357
769 391
743 808
415 434
375 182
579 238
140 684
678 564
463 908
124 418
471 390
750 416
732 837
413 457
402 181
612 454
147 683
683 571
410 829
159 356
482 354
766 366
774 764
748 384
670 559
655 541
409 835
630 546
704 764
800 420
500 347
796 415
519 424
137 676
425 432
191 431
117 432
564 238
682 565
405 441
729 825
769 762
356 103
387 103
128 355
508 426
357 105
690 751
409 452
378 87
468 907
579 232
576 230
105 368
650 282
575 235
168 671
417 810
410 838
403 854
189 703
755 405
402 428
694 555
725 827
750 386
685 571
413 81
477 356
390 181
790 756
733 836
416 419
115 340
421 816
586 232
402 181
367 423
108 350
183 705
440 821
625 224
392 424
662 244
750 404
414 449
145 388
424 829
436 393
153 710
612 455
414 422
185 677
712 800
689 543
641 239
441 809
746 409
453 895
411 420
161 321
673 563
191 693
166 715
120 401
410 90
485 345
399 99
386 86
679 573
123 341
741 366
690 548
169 706
435 404
383 413
154 688
744 393
704 757
435 390
723 404
496 346
